892420643555336193 7651 35962
892177421306343426 5652 31048
891815181378084864 3749 23360
891689557279858688 7817 39262
891327558926688256 8414 37511
891087950875897856 2824 18900
890971913173991426 1838 10980
890729181411237888 17071 60615
890609185150312448 3886 25999
890240255349198849 6644 29718
890006608113172480 6628 28594
889880896479866881 4509 26011
889665388333682689 9041 44774
889638837579907072 4052 25201
889531135344209921 2045 14128
889278841981685760 4825 23479
888917238123831296 4066 27130
888804989199671297 3834 23829
888554962724278272 3149 18394
888078434458587136 3141 20304
887705289381826560 4887 28195
887517139158093824 10661 43245
887473957103951883 16288 64082
887343217045368832 9484 31376
887101392804085760 5405 28558
886983233522544640 6938 32542
886736880519319552 2910 11169
886680336477933568 4056 20959
886366144734445568 2870 19701
886267009285017600 4 111
886258384151887873 5719 26095
886054160059072513 100 0
885984800019947520 6082 30382
885528943205470208 5784 33502
885518971528720385 3383 19095
885311592912609280 16765 0
885167619883638784 3956 20403
884925521741709313 16369 71845
884876753390489601 5049 25952
884562892145688576 4254 22661
884441805382717440 5157 25276
884247878851493888 18393 67650
884162670584377345 2712 19019
883838122936631299 3105 20377
883482846933004288 8947 42731
883360690899218434 3351 21139
883117836046086144 6020 34608
882992080364220416 3522 22281
882762694511734784 4427 26337
882627270321602560 5502 26100
882268110199369728 10481 41785
882045870035918850 4423 27342
881906580714921986 3080 22700
881666595344535552 9661 47262
881633300179243008 7 117
881536004380872706 14475 46127
881268444196462592 4783 21666
880935762899988482 2534 15951
880872448815771648 3470 19851
880465832366813184 5636 26545
880221127280381952 3779 25153
880095782870896641 3931 25763
879862464715927552 3167 20870
879674319642796034 10 293
879492040517615616 2896 21910
879415818425184262 40316 98685
879376492567855104 2836 15696
879130579576475649 6171 0
879050749262655488 4266 21033
879008229531029506 2429 17745
878776093423087618 3709 18090
878604707211726852 6432 28126
878404777348136964 1166 0
878316110768087041 6042 0
878281511006478336 1166 7217
878057613040115712 6171 39292
877736472329191424 17220 74047
877611172832227328 73 0
877556246731214848 3456 21199
877316821321428993 4734 25603
877201837425926144 5070 25326
876838120628539392 3030 19340
876537666061221889 4270 22138
876484053909872640 2154 17557
876120275196170240 4246 26162
875747767867523072 3890 23522
875144289856114688 4462 20507
875097192612077568 5532 25658
875021211251597312 4295 23864
874680097055178752 4218 26028
874434818259525634 13246 0
874296783580663808 3751 24376
874057562936811520 3629 21275
874012996292530176 9349 32092
873580283840344065 3598 22700
873337748698140672 1454 0
873213775632977920 1454 6708
872967104147763200 4952 25542
872820683541237760 3407 13824
872620804844003328 3335 19447
872486979161796608 8277 38249
872122724285648897 7408 32193
871879754684805121 10059 35309
871762521631449091 3200 19000
871515927908634625 3189 18955
871166179821445120 5245 0
871102520638267392 5056 19665
871032628920680449 3513 21372
870804317367881728 5692 31655
870726314365509632 3 114
870656317836468226 2418 11620
870374049280663552 24399 78179
870308999962521604 3812 20629
870063196459192321 7652 34405
869772420881756160 9336 40134
869702957897576449 5809 26604
869596645499047938 2883 15053
869227993411051520 3480 19265
868880397819494401 13335 61726
868639477480148993 1917 0
868622495443632128 4897 25177
868552278524837888 1917 9514
867900495410671616 3868 22885
867774946302451713 6807 32102
867421006826221569 2303 15203
867072653475098625 110 0
867051520902168576 7315 30494
866720684873056260 4452 18945
866686824827068416 3240 18245
866450705531457537 32691 115791
866334964761202691 13246 49610
866094527597207552 7795 0
865718153858494464 5224 24326
865359393868664832 4659 25084
865006731092295680 7167 26584
864873206498414592 8099 30629
864279568663928832 2816 13839
864197398364647424 8256 28470
863907417377173506 3861 19563
863553081350529029 3919 14521
863471782782697472 2270 0
863432100342583297 4903 22604
863427515083354112 89 2096
863079547188785154 1040 8358
863062471531167744 2270 8039
862831371563274240 4823 18269
862722525377298433 3307 16282
862457590147678208 4615 19462
862096992088072192 21677 70702
861383897657036800 10043 34380
861288531465048066 3882 16359
861005113778896900 3579 15918
860981674716409858 2014 0
860924035999428608 749 0
860563773140209665 2014 7150
860524505164394496 4988 22580
860276583193509888 3297 17546
860184849394610176 5498 15924
860177593139703809 29136 0
859924526012018688 3869 18721
859851578198683649 3310 14757
859607811541651456 1472 17820
859196978902773760 28449 85984
859074603037188101 12870 32366
858860390427611136 7664 0
858843525470990336 3292 14939
858471635011153920 4601 20626
858107933456039936 2744 15115
857989990357356544 2460 15445
857746408056729600 10087 32889
857393404942143489 1559 5647
857263160327368704 4291 19273
857214891891077121 17 215
857062103051644929 161 0
857029823797047296 3781 18129
856543823941562368 2743 15718
856526610513747968 1787 11431
856330835276025856 639 0
856288084350160898 15 495
856282028240666624 6003 26756
855862651834028034 24 324
855860136149123072 934 4746
855857698524602368 2016 11463
855851453814013952 17240 44205
855818117272018944 5192 25753
855459453768019968 7876 28798
855245323840757760 5703 0
855138241867124737 43 0
854732716440526848 5818 22031
854482394044301312 6587 28368
854365224396361728 4510 18315
854120357044912130 7174 31029
854010172552949760 3028 15751
853760880890318849 5532 27754
853639147608842240 9684 33671
853299958564483072 3437 15071
852936405516943360 1924 0
852912242202992640 1749 8784
852672615818899456 2083 14508
852553447878664193 3350 15878
852311364735569921 9617 32308
852226086759018497 6631 19493
852189679701164033 1542 11180
851861385021730816 19 0
851591660324737024 3365 15884
851464819735769094 6849 23699
851224888060895234 5574 20233
850753642995093505 8855 30139
850380195714523136 2535 12820
850333567704068097 319 3380
850145622816686080 3691 15993
850019790995546112 4741 19971
849776966551130114 7387 29805
849668094696017920 4823 0
849412302885593088 3078 15557
849336543269576704 1849 11198
849051919805034497 8257 41538
848690551926992896 4224 24725
848324959059550208 4511 24240
848213670039564288 711 8032
848212111729840128 2964 16023
847978865427394560 3181 0
847971574464610304 422 0
847962785489326080 4954 23117
847842811428974592 1296 5340
847617282490613760 404 6867
847606175596138505 3357 18470
847251039262605312 4227 20169
847157206088847362 5735 19584
847116187444137987 3117 21135
846874817362120707 3850 19788
846514051647705089 11304 43938
846505985330044928 3010 13893
846153765933735936 8857 31131
846139713627017216 9833 30611
846042936437604353 2805 15747
845812042753855489 8525 28808
845677943972139009 4708 24855
845397057150107648 1765 7525
845306882940190720 5296 23030
845098359547420673 7515 0
844979544864018432 2512 13459
844973813909606400 3130 14884
844580511645339650 3068 16272
844223788422217728 2162 13497
843981021012017153 2901 15008
843856843873095681 4550 21202
843604394117681152 2698 16697
843235543001513987 5931 21293
842846295480000512 3589 15117
842765311967449089 1259 6663
842535590457499648 3460 17930
842163532590374912 5703 24185
842115215311396866 2995 13851
841833993020538882 14862 0
841680585030541313 7714 25503
841439858740625411 3638 12535
841320156043304961 5434 19630
841314665196081154 4596 15694
841077006473256960 5245 22660
840761248237133825 1746 0
840728873075638272 15922 0
840698636975636481 2 174
840696689258311684 962 12185
840632337062862849 1746 8925
840370681858686976 4493 16316
840268004936019968 5660 19120
839990271299457024 2252 13324
839549326359670784 7664 27280
839290600511926273 141 0
839239871831150596 6460 26937
838952994649550848 3955 19532
838921590096166913 2044 11074
838916489579200512 35 0
838831947270979586 10899 0
838561493054533637 1322 10882
838476387338051585 4725 22365
838201503651401729 9957 0
838150277551247360 329 1666
838085839343206401 1 138
838083903487373313 3105 17511
837820167694528512 7795 33910
837482249356513284 440 3832
837471256429613056 2257 12714
837110210464448512 2348 15980
836989968035819520 2278 12706
836753516572119041 4611 19246
836677758902222849 2212 12564
836648853927522308 554 0
836397794269200385 27332 0
836380477523124226 2969 14702
836260088725786625 4275 21231
836001077879255040 4231 19017
835685285446955009 8080 0
835574547218894849 3597 17728
835536468978302976 1689 0
835309094223372289 20813 0
835297930240217089 2992 16422
835264098648616962 1689 7713
835246439529840640 73 2093
835172783151792128 5738 26087
835152434251116546 2998 22332
834931633769889797 1632 10772
834786237630337024 5468 21316
834574053763584002 2522 13623
834477809192075265 10596 0
834458053273591808 1674 9595
834209720923721728 4734 20536
834167344700198914 3646 15791
834089966724603904 2128 10027
834086379323871233 2198 13038
833863086058651648 2400 13410
833826103416520705 3759 18041
833732339549220864 221 0
833722901757046785 3211 20766
833479644947025920 2046 14829
833124694597443584 4823 20178
832998151111966721 2200 13244
832769181346996225 39 0
832757312314028032 3613 16853
832682457690300417 2903 11869
832645525019123713 531 2917
832636094638288896 2776 15835
832397543355072512 2216 11956
832369877331693569 3181 17175
832273440279240704 2337 11350
832215909146226688 6198 0
832215726631055365 9309 0
832088576586297345 2 62
832040443403784192 9613 0
832032802820481025 4652 17860
831939777352105988 6126 23985
831926988323639298 34 335
831911600680497154 6498 27610
831670449226514432 1816 10438
831650051525054464 1924 7126
831552930092285952 2314 8976
831322785565769729 1551 9270
831315979191906304 1127 6539
831309418084069378 2466 11763
831262627380748289 2043 11904
830956169170665475 1500 7968
830583320585068544 16765 66849
830173239259324417 5683 0
830097400375152640 2942 9799
829878982036299777 5015 0
829861396166877184 1948 12252
829501995190984704 10596 31772
829449946868879360 2019 10475
829141528400556032 7346 24420
829011960981237760 16313 53217
828801551087042563 3422 0
828770345708580865 5869 25612
828708714936930305 11181 36565
828650029636317184 1349 9510
828409743546925057 1165 6353
828408677031882754 1294 7691
828381636999917570 2218 12596
828376505180889089 1072 7384
828372645993398273 2938 12594
828361771580813312 173 2196
828046555563323392 2880 11760
828011680017821696 2154 10373
827933404142436356 5256 20141
827653905312006145 3027 15541
827600520311402496 950 7467
827324948884643840 3054 15889
827199976799354881 2224 10593
826958653328592898 5015 21621
826848821049180160 10196 36454
826615380357632002 4000 0
826598799820865537 253 5132
826598365270007810 2346 10089
826476773533745153 4206 18456
826240494070030336 2621 13336
826204788643753985 926 4894
826115272272650244 3130 15691
825876512159186944 1876 10515
825829644528148480 2498 12783
825535076884762624 17623 57064
825147591692263424 4568 18361
825120256414846976 1263 0
825026590719483904 1263 6331
824796380199809024 5514 0
824775126675836928 3529 14970
824663926340194305 1781 10567
824325613288833024 10570 11888
824297048279236611 3882 15113
824025158776213504 603 4850
823939628516474880 2720 10669
823719002937630720 11255 0
823699002998870016 2536 14040
823581115634085888 2633 13095
823333489516937216 25 703
823322678127919110 4044 15814
823269594223824897 9942 0
822975315408461824 3469 17407
822872901745569793 43499 132289
822859134160621569 2290 13330
822647212903690241 6447 0
822610361945911296 2976 14902
822489057087389700 6447 18262
822462944365645825 14401 28190
822244816520155136 9942 35143
822163064745328640 4804 0
821886076407029760 2326 11381
821813639212650496 3381 0
821765923262631936 1670 8461
821522889702862852 1773 8073
821421320206483457 5621 0
821407182352777218 4366 11850
821153421864615936 10 257
821149554670182400 2000 8700
821107785811234820 2151 9663
821044531881721856 2298 12746
820837357901512704 6781 0
820749716845686786 9957 31764
820690176645140481 3254 12292
820494788566847489 569 0
820446719150292993 2584 0
820314633777061888 569 3369
820078625395449857 6338 19954
820013781606658049 1183 0
819952236453363712 1183 5364
819924195358416896 4918 13000
819711362133872643 3137 13461
819588359383371776 2003 9711
819347104292290561 1218 7271
819238181065359361 410 2285
819227688460238848 6781 23242
819015337530290176 37180 0
819015331746349057 19112 0
819006400881917954 19112 45657
819004803107983360 37180 87622
818646164899774465 21197 0
818627210458333184 7605 22594
818614493328580609 2586 9927
818588835076603904 6203 0
818536468981415936 2479 10997
818307523543449600 8171 0
818259473185828864 2287 11116
818145370475810820 2597 12376
817908911860748288 812 4898
817827839487737858 27332 52113
817777686764523521 2717 10837
817536400337801217 2994 11880
817502432452313088 3424 0
817423860136083457 14862 34136
817415592588222464 954 5645
817181837579653120 8542 0
817171292965273600 2044 8850
817120970343411712 2622 12336
817056546584727552 1658 8679
816829038950027264 4761 0
816816676327063552 2063 10105
816697700272001025 2218 9888
816450570814898180 8171 30717
816336735214911488 1961 8679
816091915477250048 2168 9023
816062466425819140 1030 0
816014286006976512 5324 0
815990720817401858 1030 4990
815966073409433600 8542 22641
815745968457060357 4181 0
815736392542261248 2284 9943
815639385530101762 1668 8313
815390420867969024 3842 10467
814986499976527872 1290 7738
814638523311648768 2728 11391
814578408554463233 5911 0
814530161257443328 1884 8729
814153002265309185 8780 29047
813944609378369540 3223 0
813910438903693312 1888 9397
813812741911748608 14154 36819
813800681631023104 1785 8400
813217897535406080 7382 18847
813202720496779264 1835 9339
813187593374461952 4418 20098
813172488309972993 1951 9375
813157409116065792 2234 7855
813142292504645637 2413 8574
813130366689148928 455 4523
813127251579564032 3177 11975
813112105746448384 2777 10415
813096984823349248 3666 10695
813081950185472002 2813 10007
813066809284972545 1978 8042
813051746834595840 7462 21224
812781120811126785 1928 7665
812709060537683968 1450 6693
812503143955202048 1236 6154
812466873996607488 1957 8059
812372279581671427 3710 13813
811985624773361665 1421 7347
811744202451197953 1622 7636
811647686436880384 753 5682
811627233043480576 3124 12922
811386762094317568 6470 21179
810984652412424192 1458 5404
810896069567610880 1796 9123
810657578271330305 2687 11102
810284430598270976 11462 35701
810254108431155201 3422 14888
809920764300447744 4000 15732
809808892968534016 4962 0
809448704142938112 1486 7025
809220051211603969 5683 20177
809084759137812480 3575 13411
808838249661788160 3088 10246
808733504066486276 2194 8006
808501579447930884 2641 11457
808344865868283904 21197 43128
808134635716833280 6028 0
808106460588765185 2235 8906
808001312164028416 3592 12692
807621403335917568 3674 14776
807106840509214720 56230 119860
807059379405148160 7462 0
807010152071229440 3921 13258
806629075125202948 35161 75737
806620845233815552 5618 0
806576416489959424 1974 4957
806542213899489280 2391 10354
806242860592926720 11818 0
806219024703037440 1213 6518
805958939288408065 5449 0
805932879469572096 1950 8385
805826884734976000 1859 6654
805823200554876929 8152 0
805520635690676224 1679 5829
805487436403003392 2559 8909
805207613751304193 1746 7940
804738756058218496 3868 13886
804475857670639616 2041 6219
804413760345620481 3284 0
804026241225523202 16413 45095
803773340896923648 2786 10194
803692223237865472 7546 0
803638050916102144 4204 11085
803380650405482500 1895 7879
803321560782307329 5411 0
803276597545603072 2493 10168
802952499103731712 2039 9143
802624713319034886 2958 0
802600418706604034 1490 7202
802572683846291456 2550 9059
802323869084381190 5925 16439
802265048156610565 1399 6860
802239329049477120 2666 9205
802185808107208704 277 0
801958328846974976 1743 7861
801854953262350336 240 1807
801538201127157760 2102 8340
801285448605831168 837 6139
801167903437357056 6028 24802
801127390143516673 4010 0
801115127852503040 2134 8186
800859414831898624 98 695
800855607700029440 1636 0
800751577355128832 2839 10713
800513324630806528 3033 13307
800459316964663297 2202 9643
800443802682937345 4389 0
800388270626521089 2852 11300
800188575492947969 4011 0
800141422401830912 2584 15499
800018252395122689 13378 28777
799774291445383169 4766 0
799757965289017345 2202 8518
799422933579902976 1957 8179
799308762079035393 5556 0
799297110730567681 2803 10034
799063482566066176 2505 8181
798933969379225600 4539 13274
798925684722855936 1467 7608
798705661114773508 6753 0
798701998996647937 7920 0
798697898615730177 6633 0
798694562394996736 5046 0
798686750113755136 2373 0
798682547630837760 4791 0
798673117451325440 5639 0
798665375516884993 3975 0
798644042770751489 1881 0
798628517273620480 2008 0
798585098161549313 5805 0
798576900688019456 5943 0
798340744599797760 3402 0
798209839306514432 2607 10565
797971864723324932 3162 11759
797545162159308800 4947 14749
797236660651966464 6692 20245
797165961484890113 26 227
796904159865868288 9075 0
796865951799083009 1951 7802
796759840936919040 3078 12000
796563435802726400 7396 0
796484825502875648 1787 7682
796387464403357696 4216 11150
796177847564038144 14493 0
796149749086875649 14493 32703
796125600683540480 1836 5031
796116448414461957 2455 9225
796080075804475393 2346 8584
796031486298386433 3768 10955
795464331001561088 24017 50288
795400264262053889 2921 10215
795076730285391872 5514 16425
794983741416415232 3426 0
794926597468000259 2338 10377
794355576146903043 10469 0
794332329137291264 2724 9714
794205286408003585 3379 9357
793962221541933056 4962 17045
793845145112371200 1898 9357
793614319594401792 3186 0
793601777308463104 1651 8098
793500921481273345 2413 10818
793286476301799424 9309 24918
793271401113350145 2428 8822
793256262322548741 8474 20246
793241302385262592 3353 10659
793226087023144960 2916 9972
793210959003287553 2840 9055
793195938047070209 5717 15504
793180763617361921 2031 7034
793165685325201412 2832 9536
793150605191548928 1726 6262
793135492858580992 2539 6519
793120401413079041 3979 12844
792913359805018113 4043 14535
792883833364439040 4339 11462
792773781206999040 1703 7457
792394556390137856 4358 13631
792050063153438720 1829 7249
791821351946420224 21419 0
791784077045166082 9739 0
791780927877898241 3880 0
791774931465953280 22527 45757
791672322847637504 3186 11904
791406955684368384 4181 13322
791312159183634433 2574 8915
791026214425268224 4169 0
790987426131050500 2168 9960
790946055508652032 4761 16877
790723298204217344 2346 0
790698755171364864 1955 8328
790581949425475584 7264 20934
790337589677002753 1911 7935
790277117346975746 3223 12737
790227638568808452 3624 0
789986466051088384 2346 9387
789960241177853952 4182 0
789903600034189313 4198 10494
789628658055020548 1792 7593
789599242079838210 1955 6863
789530877013393408 3426 11880
789314372632018944 2327 8767
789280767834746880 5017 0
789268448748703744 2641 9226
789137962068021249 2837 9845
788908386943430656 12656 27792
788765914992902144 10469 27683
788552643979468800 7281 0
788412144018661376 5342 15752
788178268662984705 2125 7318
788150585577050112 1304 6199
788070120937619456 3476 0
788039637453406209 1341 6208
787810552592695296 3092 8742
787717603741622272 2815 10391
787397959788929025 2882 11034
787322443945877504 1762 7879
787111942498508800 6843 0
786963064373534720 8080 26956
786729988674449408 2453 0
786709082849828864 6198 18459
786664955043049472 2591 10728
786595970293370880 3158 9564
786363235746385920 3555 11021
786286427768250368 2885 8066
786233965241827333 4804 15444
786051337297522688 156 1436
786036967502913536 7110 0
785927819176054784 3234 11526
785872687017132033 1836 6773
785639753186217984 2264 7937
785533386513321988 2023 9232
785515384317313025 1278 6188
785264754247995392 1655 7348
785170936622350336 4892 12171
784826020293709826 3283 10214
784517518371221505 2569 9072
784431430411685888 1287 5767
784183165795655680 8153 20289
784057939640352768 11255 30083
783839966405230592 10899 30370
783821107061198850 1996 7433
783695101801398276 3254 10573
783466772167098368 2274 8549
783391753726550016 5542 17065
783347506784731136 5615 0
783334639985389568 11818 29456
783085703974514689 2230 8231
782969140009107456 7462 24366
782747134529531904 1423 7542
782722598790725632 5449 17435
782598640137187329 1892 7875
782305867769217024 5621 16814
782021823840026624 6264 0
781955203444699136 3406 11238
781661882474196992 2743 10520
781655249211752448 1142 4028
781524693396357120 5618 20938
781308096455073793 2576 7207
781251288990355457 2098 8525
781163403222056960 2769 9896
780931614150983680 7396 21822
780858289093574656 2035 7247
780800785462489090 1317 5533
780601303617732608 3381 12223
780543529827336192 1756 6359
780496263422808064 3727 0
780476555013349377 114 0
780459368902959104 1088 5345
780192070812196864 2259 8788
780092040432480260 2321 0
780074436359819264 5020 12275
779834332596887552 7110 19066
779377524342161408 3135 8871
779124354206535695 18465 0
779056095788752897 4575 14872
778990705243029504 7254 20135
778774459159379968 9977 0
778764940568104960 366 873
778748913645780993 1322 6944
778650543019483137 1513 5820
778624900596654080 1018 4672
778408200802557953 4359 13713
778396591732486144 12333 0
778383385161035776 1111 5885
778286810187399168 3323 10447
778039087836069888 2664 8568
778027034220126208 1626 6592
777953400541634568 3556 0
777885040357281792 1637 6385
777684233540206592 2958 11300
777641927919427584 4258 0
777621514455814149 2521 8807
777189768882946048 4334 14379
776819012571455488 13787 0
776813020089548800 1217 4915
776477788987613185 2799 8869
776249906839351296 9198 0
776218204058357768 15981 30096
776201521193218049 2533 9681
776113305656188928 4389 11845
776088319444877312 152 1853
775898661951791106 16632 0
775842724423557120 2673 11782
775733305207554048 4010 13948
775729183532220416 4627 13067
775364825476165632 2990 7447
775350846108426240 3929 10228
775085132600442880 4766 15645
774757898236878852 1794 8648
774639387460112384 1743 6771
774314403806253056 5556 21895
773985732834758656 3890 10782
773922284943896577 1759 6434
773704687002451968 1639 6634
773670353721753600 1316 5379
773547596996571136 6203 22223
773336787167145985 5113 0
773308824254029826 7515 23426
773247561583001600 3272 9521
773191612633579521 4157 10049
772877495989305348 3894 8602
772826264096874500 2361 8100
772615324260794368 3399 0
772581559778025472 1704 6532
772193107915964416 1397 6077
772152991789019136 1137 3821
772117678702071809 745 3795
772114945936949249 471 2737
772102971039580160 947 4016
771908950375665664 1915 6624
771770456517009408 3402 12059
771500966810099713 2626 8296
771380798096281600 5113 10525
771171053431250945 7503 0
771136648247640064 2938 9191
771102124360998913 1450 6268
771014301343748096 1666 6896
770787852854652928 1204 4945
770772759874076672 1421 5193
770655142660169732 1774 7363
770414278348247044 2106 6347
770293558247038976 1487 6269
770093767776997377 3066 0
770069151037685760 2309 7628
769940425801170949 9613 31465
769695466921623552 1689 6436
769335591808995329 7763 0
769212283578875904 1729 5412
768970937022709760 6542 14398
768909767477751808 2683 0
768855141948723200 894 4214
768609597686943744 1207 4139
768596291618299904 1288 5051
768554158521745409 5867 0
768473857036525572 3443 13666
768193404517830656 3556 10894
767884188863397888 1386 4754
767754930266464257 5411 16054
767500508068192258 2342 7523
767191397493538821 3774 12348
767122157629476866 2862 10203
766864461642756096 5645 0
766793450729734144 1359 5083
766714921925144576 380 2620
766693177336135680 798 4025
766423258543644672 1592 6013
766313316352462849 1892 6814
766078092750233600 2632 0
766069199026450432 853 4234
766008592277377025 500 3747
765719909049503744 2157 7252
765669560888528897 1225 5200
765395769549590528 3392 26659
765371061932261376 2169 7084
765222098633691136 3399 11647
764857477905154048 1781 6461
764259802650378240 1501 6030
763956972077010945 54 759
763837565564780549 4169 12598
763183847194451968 1473 5393
763167063695355904 3024 0
763103485927849985 2298 7370
762699858130116608 3624 12149
762471784394268675 6423 11230
762464539388485633 4182 10317
762316489655476224 1126 4808
762035686371364864 15565 31892
761976711479193600 2009 5408
761750502866649088 3923 0
761745352076779520 864 4277
761672994376806400 29136 49541
761599872357261312 1191 4118
761371037149827077 18075 0
761334018830917632 1451 5196
761292947749015552 1087 4491
761227390836215808 1566 5327
761004547850530816 3476 11339
760893934457552897 979 3818
760656994973933572 1908 6587
760641137271070720 1296 4981
760539183865880579 3621 7567
760521673607086080 1386 4223
760290219849637889 11494 26799
760252756032651264 868 3949
760190180481531904 1804 5703
760153949710192640 31 0
759943073749200896 2081 5946
759923798737051648 5645 14679
759846353224826880 1969 6740
759793422261743616 1909 5959
759557299618865152 1183 4698
759447681597108224 2453 8490
759446261539934208 488 1673
759197388317847553 1945 6077
759159934323924993 1155 0
759099523532779520 4169 14504
759047813560868866 2010 6483
758854675097526272 894 3546
758828659922702336 3828 11208
758740312047005698 1613 5733
758474966123810816 999 3800
758467244762497024 2210 4777
758405701903519748 1909 5215
758355060040593408 1070 3390
758099635764359168 9977 19051
758041019896193024 374 2700
757741869644341248 3244 6865
757729163776290825 7922 0
757725642876129280 1211 4538
757611664640446465 1108 4562
757597904299253760 300 0
757596066325864448 1054 4331
757400162377592832 6845 15124
757393109802180609 1735 5804
757354760399941633 1419 4514
756998049151549440 1981 6277
756939218950160384 2001 6641
756651752796094464 1304 5042
756526248105566208 3578 10398
756303284449767430 1091 3923
756288534030475264 17682 43938
756275833623502848 1529 6400
755955933503782912 2874 7307
755206590534418437 5352 16414
755110668769038337 11068 21165
754874841593970688 7892 0
754856583969079297 2513 6891
754747087846248448 520 2585
754482103782404096 1950 5278
754449512966619136 730 3748
754120377874386944 2357 7868
753655901052166144 2164 5829
753420520834629632 3562 7891
753398408988139520 1897 5741
753375668877008896 2321 7622
753298634498793472 5685 0
753294487569522689 1037 3363
753039830821511168 20813 37034
753026973505581056 962 3911
752932432744185856 6843 12602
752917284578922496 1570 6921
752701944171524096 2852 0
752682090207055872 1588 5992
752660715232722944 1550 4368
752568224206688256 2276 5482
752519690950500352 3429 7349
752334515931054080 1090 3805
752309394570878976 16192 0
752173152931807232 1833 5955
751950017322246144 911 3050
751937170840121344 1326 5176
751830394383790080 1938 5797
751793661361422336 2890 5808
751598357617971201 3030 7897
751583847268179968 1096 4381
751538714308972544 1258 5022
751456908746354688 995 3208
751251247299190784 5854 12466
751205363882532864 1805 6305
751132876104687617 1294 5052
750868782890057730 1355 4772
750719632563142656 5017 13130
750506206503038976 1137 4424
750429297815552001 4258 13128
750383411068534784 1147 4540
750381685133418496 27 692
750147208377409536 958 3094
750132105863102464 1291 3599
750117059602808832 1303 4315
750101899009982464 837 3034
750086836815486976 529 2162
750071704093859840 3320 7807
750056684286914561 893 3151
750041628174217216 613 3172
750026558547456000 788 2714
750011400160841729 905 3237
749996283729883136 811 3061
749981277374128128 2454 5104
749774190421639168 1309 4644
749417653287129088 1630 6091
749403093750648834 531 2613
749395845976588288 3416 8525
749317047558017024 2221 5483
749075273010798592 2062 5731
749064354620928000 1510 4786
749036806121881602 790 3082
748977405889503236 3385 10721
748932637671223296 2234 5785
748705597323898880 945 2770
748699167502000129 1575 4722
748692773788876800 1322 4227
748575535303884801 1963 6035
748568946752774144 666 2188
748346686624440324 1221 5195
748337862848962560 4079 7593
748324050481647620 752 3665
748307329658011649 704 3652
748220828303695873 7735 14052
747963614829678593 2127 5736
747933425676525569 2518 6560
747885874273214464 968 2923
747844099428986880 746 2805
747816857231626240 1150 4823
747651430853525504 153 1376
747648653817413632 5803 12819
747600769478692864 553 2312
747594051852075008 1051 3654
747512671126323200 1597 5505
747461612269887489 1033 3842
747439450712596480 1899 5384
747242308580548608 2886 0
747219827526344708 1552 5222
747204161125646336 916 3356
747103485104099331 3936 9497
746906459439529985 295 2876
746872823977771008 2115 5938
746818907684614144 1725 5285
746790600704425984 1590 4837
746757706116112384 3880 9518
746726898085036033 1781 6006
746542875601690625 1865 5002
746521445350707200 978 0
746507379341139972 1076 4622
746369468511756288 1616 6143
746131877086527488 2180 6867
746056683365994496 803 3529
745789745784041472 1057 3988
745712589599014916 2308 6961
745433870967832576 2513 7030
745422732645535745 2421 8501
745314880350101504 2727 7130
745074613265149952 3459 7778
745057283344719872 2240 7211
744995568523612160 612 2953
744971049620602880 2658 7819
744709971296780288 1552 5572
744334592493166593 2087 6735
744234799360020481 77162 155184
744223424764059648 360 1650
743980027717509120 1084 4135
743895849529389061 955 3621
743835915802583040 2052 0
743609206067040256 1370 4433
743595368194129920 6469 18220
743545585370791937 933 3504
743510151680958465 3706 7869
743253157753532416 1214 4196
743222593470234624 1893 6153
743210557239623680 1347 3808
742534281772302336 3537 7007
742528092657332225 1950 4373
742465774154047488 3884 7201
742423170473463808 3727 9734
742385895052087300 1947 6737
742161199639494656 1352 4300
742150209887731712 1529 5070
741793263812808706 1497 4499
741743634094141440 2722 8102
741438259667034112 822 3652
741303864243200000 3166 8701
741099773336379392 5456 9892
741067306818797568 3066 9427
740995100998766593 2707 6304
740711788199743490 925 3371
740699697422163968 772 2822
740676976021798912 6753 18015
740373189193256964 13168 34704
740365076218183684 426 2436
740359016048689152 855 3267
740214038584557568 1943 6628
739979191639244800 5867 19767
739932936087216128 1063 4015
739844404073074688 848 3767
739623569819336705 1336 3737
739606147276148736 1637 5337
739544079319588864 21000 39124
739485634323156992 2896 7080
739238157791694849 57293 114711
738891149612572673 6 110
738885046782832640 1130 3731
738883359779196928 783 3267
738537504001953792 1518 5030
738402415918125056 820 3216
738184450748633089 1197 4273
738166403467907072 3311 8680
738156290900254721 633 2477
737826014890496000 1747 5213
737800304142471168 3422 9884
737678689543020544 1296 4986
737445876994609152 4409 10135
737322739594330112 805 3561
737310737551491075 7323 14496
736736130620620800 1703 4206
736392552031657984 7281 17499
736365877722001409 1228 3924
736225175608430592 2743 8028
736010884653420544 2943 7801
735991953473572864 1135 3554
735648611367784448 1086 3984
735635087207878657 2322 6092
735274964362878976 4969 12864
735256018284875776 868 3287
735137028879360001 961 3093
734912297295085568 519 2720
734787690684657664 6205 12372
734776360183431168 532 2469
734559631394082816 391 1465
733828123016450049 773 3536
733822306246479872 1010 3619
733482008106668032 939 3097
733460102733135873 1264 4141
733109485275860992 16632 49630
732732193018155009 528 2403
732726085725589504 879 3504
732585889486888962 768 3616
732375214819057664 2479 7975
732005617171337216 5324 14701
731285275100512256 980 3444
731156023742988288 1249 3789
730924654643314689 1949 6068
730573383004487680 2103 4832
730427201120833536 1032 3439
730211855403241472 1046 3770
730196704625098752 1872 4777
729854734790754305 1110 3974
729838605770891264 379 1700
729823566028484608 1230 3920
729463711119904772 2285 5712
729113531270991872 319 1850
728986383096946689 810 3096
728760639972315136 1675 4610
728751179681943552 668 2719
728653952833728512 1020 3266
728409960103686147 1971 4842
728387165835677696 946 3648
728046963732717569 1181 4237
728035342121635841 1644 4504
728015554473250816 1089 4057
727685679342333952 634 2923
727644517743104000 1721 5799
727524757080539137 1203 4408
727314416056803329 728 3287
727286334147182592 798 3006
727175381690781696 1364 3861
727155742655025152 1309 3571
726935089318363137 2411 6769
726887082820554753 1504 3787
726828223124897792 990 3514
726224900189511680 1123 4363
725842289046749185 2632 6978
725786712245440512 1353 4109
725729321944506368 1756 5130
725458796924002305 608 1393
724983749226668032 1290 3678
724771698126512129 625 2315
724405726123311104 1627 5204
724049859469295616 1750 4262
724046343203856385 546 2620
724004602748780546 1526 4112
723912936180330496 1217 3830
723688335806480385 2892 7568
723673163800948736 873 2966
723179728551723008 1835 5230
722974582966214656 1540 4047
722613351520608256 1615 4892
721503162398597120 1811 4554
721001180231503872 601 2494
720785406564900865 755 3073
720775346191278080 654 2426
720415127506415616 1478 4065
720389942216527872 2466 6273
720340705894408192 964 2820
720059472081784833 1108 3800
720043174954147842 1975 4839
719991154352222208 1719 4771
719704490224398336 1407 4472
719551379208073216 1876 4969
719367763014393856 730 2757
719339463458033665 1211 4368
719332531645071360 933 3380
718971898235854848 1058 3431
718939241951195136 1731 5172
718631497683582976 7920 18605
718613305783398402 475 2402
718540630683709445 1000 2416
718460005985447936 516 2652
718454725339934721 1490 4788
718246886998687744 493 1880
718234618122661888 978 3808
717841801130979328 596 2418
717790033953034240 1092 2837
717537687239008257 1826 5701
717428917016076293 441 1592
717421804990701568 828 3116
717047459982213120 1900 6200
717009362452090881 947 3199
716802964044845056 1153 4224
716791146589110272 1554 8041
716730379797970944 420 1214
716447146686459905 5781 12876
716439118184652801 205 2343
716285507865542656 1039 2728
716080869887381504 1870 6665
715928423106027520 865 3145
715758151270801409 1412 3665
715733265223708672 1664 4587
715704790270025728 558 2750
715696743237730304 1270 3852
715680795826982913 1593 4243
715360349751484417 1538 5392
715342466308784130 686 2997
715220193576927233 639 2387
715200624753819648 1855 5066
715009755312439296 1210 4093
714982300363173890 1017 3682
714962719905021952 4197 7245
714957620017307648 1392 4071
714631576617938945 981 3227
714606013974974464 912 3581
714485234495041536 1110 2648
714258258790387713 713 2987
714251586676113411 823 3230
714214115368108032 857 2234
714141408463036416 1378 4265
713919462244790272 780 3246
713909862279876608 530 1866
713900603437621249 732 2797
713761197720473600 1352 4793
713411074226274305 1282 4382
713177543487135744 2792 7122
713175907180089344 1454 4396
712809025985978368 6633 18809
712717840512598017 4906 12173
712668654853337088 1198 4125
712438159032893441 1541 5245
712309440758808576 25 241
712097430750289920 1016 3725
712092745624633345 874 2903
712085617388212225 479 3228
712065007010385924 612 2237
711998809858043904 125 0
711968124745228288 2269 7952
711743778164514816 973 2801
711732680602345472 4053 8722
711694788429553666 18075 32435
711652651650457602 900 3808
711363825979756544 1117 3602
711306686208872448 725 3257
711008018775851008 603 2959
710997087345876993 1372 4511
710844581445812225 678 2511
710833117892898816 524 2653
710658690886586372 552 2279
710609963652087808 2341 4739
710588934686908417 1838 4477
710296729921429505 727 2349
710283270106132480 516 2123
710272297844797440 1234 4475
710269109699739648 1103 2365
710153181850935296 877 2863
710140971284037632 869 2718
710117014656950272 1967 5417
709918798883774466 1073 3445
709901256215666688 99 655
709852847387627521 1186 3474
709566166965075968 1188 3503
709556954897764353 1055 3250
709519240576036864 235 1477
709449600415961088 562 2194
709409458133323776 670 2587
709225125749587968 566 2383
709207347839836162 5712 12374
709198395643068416 636 2404
709179584944730112 663 1975
709158332880297985 410 2009
709042156699303936 1608 4675
708853462201716736 651 1777
708845821941387268 888 2943
708834316713893888 493 1662
708810915978854401 6830 16264
708738143638450176 799 2719
708711088997666817 709 2502
708479650088034305 671 2512
708469915515297792 803 3061
708400866336894977 9913 15781
708356463048204288 1298 3536
708349470027751425 727 2313
708149363256774660 1533 4226
708130923141795840 840 3340
708119489313951744 971 2660
708109389455101952 543 1923
708026248782585858 1903 4336
707995814724026368 1111 3092
707983188426153984 2 50
707969809498152960 954 2673
707776935007539200 945 3241
707741517457260545 607 2456
707738799544082433 2428 4029
707693576495472641 980 3359
707629649552134146 860 2541
707610948723478529 6265 16776
707420581654872064 689 2245
707411934438625280 592 2280
707387676719185920 1267 3457
707377100785885184 1078 3241
707315916783140866 632 2443
707297311098011648 775 2741
707059547140169728 664 2562
707038192327901184 778 2161
707021089608753152 1340 4031
707014260413456384 592 2289
706904523814649856 7763 14415
706901761596989440 586 2033
706681918348251136 964 3263
706644897839910912 1076 2542
706593038911545345 627 2127
706538006853918722 1411 3440
706516534877929472 1023 3080
706346369204748288 913 3410
706310011488698368 7824 21054
706291001778950144 474 1678
706265994973601792 924 2702
706169069255446529 2184 3863
706166467411222528 1584 5103
706153300320784384 382 1468
705975130514706432 723 3067
705970349788291072 884 3140
705898680587526145 542 2339
705786532653883392 512 1910
705591895322394625 1137 3127
705475953783398401 897 2922
705442520700944385 1606 4374
705428427625635840 1663 3771
705239209544720384 743 2972
705223444686888960 790 2562
705102439679201280 512 2117
705066031337840642 615 2158
704871453724954624 1105 4226
704859558691414016 534 2226
704847917308362754 1506 5011
704819833553219584 975 2611
704761120771465216 2886 6567
704499785726889984 1004 2881
704491224099647488 78 745
704480331685040129 1057 3347
704364645503647744 3510 7897
704347321748819968 347 1564
704134088924532736 453 1492
704113298707505153 566 1831
704054845121142784 906 2891
703774238772166656 454 1824
703769065844768768 1132 3238
703631701117943808 676 2551
703611486317502464 1511 3801
703425003149250560 1352 3769
703407252292673536 689 2415
703382836347330562 1132 3477
703356393781329922 382 1899
703268521220972544 545 1957
703079050210877440 3039 7308
703041949650034688 12333 26066
702932127499816960 717 2553
702899151802126337 448 1594
702684942141153280 1066 3194
702671118226825216 550 2175
702598099714314240 3392 12115
702539513671897089 948 2853
702332542343577600 1527 3143
702321140488925184 1030 3244
702276748847800320 759 2437
702217446468493312 1325 4717
701981390485725185 981 3415
701952816642965504 1013 3808
701889187134500865 1372 3503
701805642395348998 1654 3383
701601587219795968 445 2072
701570477911896070 914 2780
701545186879471618 604 2630
701214700881756160 5046 12077
700890391244103680 560 2194
700864154249383937 612 2568
700847567345688576 501 2431
700796979434098688 928 2416
700747788515020802 9198 22576
700518061187723268 786 2582
700505138482569216 561 2263
700462010979500032 1769 4085
700167517596164096 724 2607
700151421916807169 665 2219
700143752053182464 2683 7459
700062718104104960 684 2623
700029284593901568 581 2052
700002074055016451 1326 3281
699801817392291840 941 3030
699788877217865730 506 2209
699779630832685056 1219 2712
699775878809702401 601 1939
699691744225525762 4555 10180
699446877801091073 2587 5887
699434518667751424 509 2142
699423671849451520 321 1342
699413908797464576 622 2057
699370870310113280 439 1869
699323444782047232 854 3119
699088579889332224 625 2220
699079609774645248 647 2424
699072405256409088 1182 2944
699060279947165696 1777 3707
699036661657767936 1188 2580
698989035503689728 964 3307
698953797952008193 891 2649
698907974262222848 618 2512
698710712454139905 675 2440
698703483621523456 374 1434
698635131305795584 336 1281
698549713696649216 618 2297
698355670425473025 443 1832
698342080612007937 945 2248
698262614669991936 1976 4711
698195409219559425 5911 16598
698178924120031232 733 2783
697995514407682048 330 1499
697990423684476929 1286 3251
697943111201378304 669 2363
697881462549430272 1163 2980
697630435728322560 535 1723
697616773278015490 1000 3124
697596423848730625 1249 2982
697575480820686848 495 2024
697516214579523584 1102 2036
697482927769255936 665 2391
697463031882764288 1385 3381
697270446429966336 1854 4644
697259378236399616 993 3268
697255105972801536 1152 3007
697242256848379904 663 2489
696900204696625153 1009 3141
696894894812565505 674 2325
696886256886657024 1775 4806
696877980375769088 705 2419
696754882863349760 358 1473
696744641916489729 930 2044
696713835009417216 645 2352
696518437233913856 1693 3862
696490539101908992 140 1201
696488710901260288 1009 2491
696405997980676096 1145 3167
696100768806522880 645 1911
695816827381944320 1150 2986
695794761660297217 756 3133
695767669421768709 735 1841
695629776980148225 2067 4510
695446424020918272 1793 4350
695409464418041856 3530 8575
695314793360662529 1436 3594
695095422348574720 608 2603
695074328191332352 1084 2813
695064344191721472 584 1584
695051054296211456 783 2638
694925794720792577 910 2670
694905863685980160 929 2722
694669722378485760 14213 35441
694356675654983680 284 1485
694352839993344000 609 2009
694342028726001664 479 1563
694329668942569472 497 1982
694206574471057408 2015 4123
694183373896572928 918 2927
694001791655137281 1016 3372
693993230313091072 397 1856
693942351086120961 366 1728
693647888581312512 578 2659
693644216740769793 122 1335
693642232151285760 407 2512
693629975228977152 783 2411
693622659251335168 370 1520
693590843962331137 1937 4997
693582294167244802 243 1630
693486665285931008 628 1758
693280720173801472 1221 3316
693267061318012928 805 2359
693262851218264065 493 2194
693231807727280129 726 2843
693155686491000832 3174 7800
693109034023534592 603 1698
693095443459342336 454 1837
692919143163629568 742 2654
692905862751522816 857 2403
692901601640583168 597 1745
692894228850999298 791 2243
692828166163931137 874 2840
692752401762250755 3597 6753
692568918515392513 1518 4316
692535307825213440 1344 3133
692530551048294401 409 1814
692423280028966913 225 1471
692417313023332352 3424 9275
692187005137076224 810 2509
692158366030913536 780 2130
692142790915014657 389 1631
692041934689402880 1257 3382
692017291282812928 948 2859
691820333922455552 1637 3920
691793053716221953 4177 8052
691756958957883396 984 2825
691675652215414786 500 1939
691483041324204033 559 2368
691459709405118465 1126 4005
691444869282295808 843 2620
691416866452082688 7546 19117
691321916024623104 655 2542
691096613310316544 872 2936
691090071332753408 331 1705
690989312272396288 2837 5850
690959652130045952 1233 3545
690938899477221376 1930 4048
690932576555528194 1005 3250
690735892932222976 1254 3745
690728923253055490 511 2155
690690673629138944 811 2303
690649993829576704 277 1289
690607260360429569 18 294
690597161306841088 598 1936
690400367696297985 447 1870
690374419777196032 840 3221
690360449368465409 869 2642
690348396616552449 511 1495
690248561355657216 413 1660
690021994562220032 1020 2762
690015576308211712 726 2465
690005060500217858 1672 3628
689999384604450816 364 1404
689993469801164801 445 1449
689977555533848577 440 1355
689905486972461056 692 2420
689877686181715968 1149 3015
689835978131935233 742 2155
689661964914655233 922 3193
689659372465688576 3815 10280
689623661272240129 633 2211
689599056876867584 5454 11531
689557536375177216 451 2024
689517482558820352 1414 3364
689289219123089408 929 2239
689283819090870273 1088 3231
689280876073582592 700 1961
689275259254616065 242 1135
689255633275777024 1070 2527
689154315265683456 992 3053
689143371370250240 506 2003
688916208532455424 857 2683
688908934925697024 753 2094
688898160958271489 773 2074
688894073864884227 681 2224
688828561667567616 366 1367
688804835492233216 191 956
688789766343622656 654 2199
688547210804498433 688 2568
688519176466644993 718 2297
688385280030670848 4436 9192
688211956440801280 821 2220
688179443353796608 578 2119
688116655151435777 764 2798
688064179421470721 357 1714
687841446767013888 2477 5396
687826841265172480 1109 2716
687818504314159109 937 2455
687807801670897665 712 2376
687732144991551489 659 1743
687704180304273409 832 2410
687664829264453632 505 1922
687494652870668288 570 1879
687480748861947905 236 1584
687476254459715584 527 1967
687460506001633280 540 2042
687399393394311168 610 1871
687317306314240000 9075 19951
687312378585812992 1875 4316
687127927494963200 2242 5383
687124485711986689 499 2153
687109925361856513 2432 5736
687102708889812993 966 2322
687096057537363968 600 2217
686947101016735744 3157 8551
686760001961103360 1364 3484
686749460672679938 1439 3438
686730991906516992 1188 4096
686683045143953408 789 2792
686618349602762752 1351 3670
686606069955735556 538 1871
686394059078897668 682 1721
686386521809772549 869 3225
686377065986265092 557 2187
686358356425093120 662 2164
686286779679375361 1646 3962
686050296934563840 723 2193
686035780142297088 115 1140
686034024800862208 1133 3057
686007916130873345 405 2458
686003207160610816 617 1809
685973236358713344 516 2079
685943807276412928 585 1614
685906723014619143 2848 7430
685681090388975616 123 2012
685667379192414208 559 2339
685663452032069632 1439 3197
685641971164143616 771 2914
685547936038666240 15440 32621
685532292383666176 1145 3008
685325112850124800 3923 9362
685321586178670592 628 2624
685315239903100929 1032 3280
685307451701334016 438 2051
685268753634967552 1187 3066
685198997565345792 661 2322
685169283572338688 1412 4067
684969860808454144 364 2367
684959798585110529 3085 6764
684940049151070208 1037 3186
684926975086034944 456 3459
684914660081053696 1435 3478
684902183876321280 522 1855
684880619965411328 799 2067
684830982659280897 21419 34691
684800227459624960 990 2713
684594889858887680 3461 8814
684588130326986752 1391 4077
684567543613382656 1197 2986
684538444857667585 940 2620
684481074559381504 1157 3851
684460069371654144 557 1959
684241637099323392 3242 8055
684225744407494656 206 1214
684222868335505415 1351 3776
684200372118904832 1022 2129
684195085588783105 505 1887
684188786104872960 1159 3461
684177701129875456 658 1993
684147889187209216 1497 2954
684122891630342144 463 1986
684097758874210310 1414 4074
683857920510050305 1112 3766
683852578183077888 340 1916
683849932751646720 952 2582
683834909291606017 1096 2597
683828599284170753 1055 2765
683773439333797890 1332 3313
683742671509258241 3258 6404
683515932363329536 2852 7257
683498322573824003 953 3145
683481228088049664 988 2631
683462770029932544 664 2403
683449695444799489 1584 3847
683391852557561860 2373 7558
683357973142474752 904 2876
683142553609318400 1032 2842
683111407806746624 900 3370
683098815881154561 651 2146
683078886620553216 558 1973
683030066213818368 731 2145
682962037429899265 16348 36429
682808988178739200 167 1761
682788441537560576 1097 2450
682750546109968385 431 1504
682697186228989953 356 1307
682662431982772225 1067 3028
682638830361513985 591 2060
682429480204398592 1141 3404
682406705142087680 1744 7475
682393905736888321 660 2214
682389078323662849 453 1640
682303737705140231 961 3023
682259524040966145 1188 4092
682242692827447297 1148 3212
682088079302213632 9739 18040
682059653698686977 1660 4883
682047327939461121 922 3158
682032003584274432 1977 6507
682003177596559360 1503 3091
681981167097122816 1020 2778
681891461017812993 805 2440
681694085539872773 4011 12667
681679526984871937 433 1752
681654059175129088 914 2613
681610798867845120 459 1878
681579835668455424 1283 3516
681523177663676416 5685 14137
681340665377193984 275 1628
681339448655802368 4034 9181
681320187870711809 731 2614
681302363064414209 1793 3895
681297372102656000 942 3176
681281657291280384 1087 3197
681261549936340994 267 1442
681242418453299201 524 1469
681231109724700672 479 2380
681193455364796417 1460 3655
680970795137544192 646 2395
680959110691590145 1979 4534
680940246314430465 1039 3171
680934982542561280 429 2066
680913438424612864 613 2375
680889648562991104 358 1743
680836378243002368 1300 3422
680805554198020098 657 2133
680801747103793152 809 2354
680798457301471234 1017 2815
680609293079592961 689 2597
680583894916304897 1315 3580
680497766108381184 1883 4189
680494726643068929 480 1697
680473011644985345 735 2514
680440374763077632 494 1429
680221482581123072 290 1452
680206703334408192 1150 2798
680191257256136705 492 2115
680176173301628928 1530 3848
680161097740095489 724 2296
680145970311643136 1715 3562
680130881361686529 928 2259
680115823365742593 894 2683
680100725817409536 1353 3526
680085611152338944 8856 12656
680070545539371008 849 2549
679877062409191424 641 1962
679872969355714560 652 2160
679862121895714818 608 2421
679854723806179328 1208 2811
679844490799091713 750 2335
679828447187857408 13787 35774
679777920601223168 1085 3054
679736210798047232 779 2066
679729593985699840 812 2141
679722016581222400 459 1639
679530280114372609 2051 4728
679527802031484928 712 2605
679511351870550016 1245 3311
679503373272485890 1441 3122
679475951516934144 627 2064
679462823135686656 18465 31093
679405845277462528 1182 2335
679158373988876288 7892 20937
679148763231985668 1011 2733
679132435750195208 1136 2930
679111216690831360 2534 5865
679062614270468097 7922 16677
679047485189439488 655 2210
679001094530465792 1197 2781
678991772295516161 1134 2262
678969228704284672 449 1618
678800283649069056 882 2520
678798276842360832 1140 3400
678774928607469569 886 2761
678767140346941444 1331 3464
678764513869611008 466 1604
678755239630127104 3211 6982
678740035362037760 1644 3694
678708137298427904 2376 5504
678675843183484930 1429 2809
678643457146150913 398 2009
678446151570427904 1508 3931
678424312106393600 2488 5372
678410210315247616 1766 4134
678399652199309312 31076 77858
678396796259975168 407 1564
678389028614488064 413 1835
678380236862578688 889 2392
678341075375947776 526 1700
678334497360859136 248 1284
678278586130948096 5959 11227
678255464182861824 357 1559
678023323247357953 374 1875
678021115718029313 6190 13354
677961670166224897 1646 3351
677918531514703872 397 1316
677895101218201600 2022 4734
677716515794329600 959 2992
677700003327029250 1415 3319
677698403548192770 311 1207
677687604918272002 829 2440
677673981332312066 1463 3269
677662372920729601 929 1910
677644091929329666 780 1815
677573743309385728 686 2088
677565715327688705 453 1273
677557565589463040 1122 2397
677547928504967168 3593 6802
677530072887205888 223 1043
677335745548390400 1731 2981
677334615166730240 279 1315
677331501395156992 231 1062
677328882937298944 1465 3565
677314812125323265 520 1609
677301033169788928 391 1208
677269281705472000 693 1935
677228873407442944 1596 3468
677187300187611136 896 2683
676975532580409345 1043 2714
676957860086095872 795 2189
676949632774234114 385 1273
676948236477857792 845 2110
676946864479084545 359 1692
676942428000112642 730 2024
676936541936185344 4791 12426
676916996760600576 1767 2916
676897532954456065 707 2198
676864501615042560 690 2048
676821958043033607 15146 22376
676819651066732545 647 1777
676811746707918848 413 1389
676776431406465024 1972 4881
676617503762681856 932 2818
676613908052996102 195 1054
676606785097199616 419 1843
676603393314578432 373 1135
676593408224403456 2102 4443
676590572941893632 118 894
676588346097852417 758 2252
676582956622721024 266 1160
676575501977128964 1088 2513
676533798876651520 538 1827
676496375194980353 519 1479
676470639084101634 4537 11306
676440007570247681 644 1678
676430933382295552 335 1363
676263575653122048 526 2029
676237365392908289 280 1177
676219687039057920 30143 74411
676215927814406144 557 1688
676191832485810177 1003 2220
676146341966438401 642 1868
676121918416756736 1125 2104
676101918813499392 1132 2749
676098748976615425 1377 2919
676089483918516224 425 1274
675898130735476737 556 1564
675891555769696257 828 2064
675888385639251968 927 2307
675878199931371520 1358 4064
675870721063669760 549 1576
675853064436391936 1251 2609
675849018447167488 138 915
675845657354215424 850 2206
675822767435051008 519 1477
675820929667219457 229 1016
675798442703122432 3306 9954
675781562965868544 452 1582
675740360753160193 330 1131
675710890956750848 788 1830
675707330206547968 660 1913
675706639471788032 92 626
675534494439489536 397 1776
675531475945709568 369 1150
675522403582218240 278 1009
675517828909424640 451 1249
675501075957489664 5639 16630
675497103322386432 1244 3034
675489971617296384 573 1254
675483430902214656 945 1787
675432746517426176 551 1473
675372240448454658 500 1631
675362609739206656 223 1021
675354435921575936 16192 31475
675349384339542016 2189 3793
675334060156301312 1241 2673
675166823650848770 1532 3453
675153376133427200 2483 6034
675149409102012420 1623 3627
675147105808306176 223 911
675146535592706048 285 1141
675145476954566656 861 2059
675135153782571009 464 1265
675113801096802304 759 1879
675111688094527488 243 926
675109292475830276 1093 2703
675047298674663426 309 1032
675015141583413248 1140 2608
675006312288268288 213 944
675003128568291329 448 1504
674999807681908736 1066 2165
674805413498527744 343 832
674800520222154752 819 2906
674793399141146624 1047 2420
674790488185167872 241 1066
674788554665512960 203 785
674781762103414784 1148 1936
674774481756377088 452 1072
674767892831932416 752 1758
674764817387900928 229 767
674754018082705410 425 1319
674752233200820224 447 1415
674743008475090944 527 1348
674742531037511680 49 466
674739953134403584 373 1060
674737130913071104 84 622
674690135443775488 455 1104
674670581682434048 620 1553
674664755118911488 238 883
674646392044941312 472 1381
674644256330530816 260 996
674638615994089473 559 1631
674632714662858753 551 1450
674606911342424069 93 905
674468880899788800 1946 5995
674447403907457024 345 1027
674436901579923456 369 1074
674422304705744896 522 1376
674416750885273600 131 666
674410619106390016 441 1156
674394782723014656 550 1460
674372068062928900 304 823
674330906434379776 72 545
674318007229923329 500 1359
674307341513269249 6669 10934
674291837063053312 5615 14139
674271431610523648 702 1510
674269164442398721 221 880
674265582246694913 806 1576
674262580978937856 432 1259
674255168825880576 520 1407
674082852460433408 161 734
674075285688614912 271 956
674063288070742018 2097 6127
674053186244734976 1237 3163
674051556661161984 468 1395
674045139690631169 612 1349
674042553264685056 121 689
674038233588723717 401 1063
674036086168010753 197 821
674024893172875264 1172 1709
674019345211760640 290 1085
674014384960745472 609 1498
674008982932058114 339 1150
673956914389192708 914 1876
673919437611909120 354 1123
673906403526995968 1556 3049
673887867907739649 243 904
673716320723169284 715 2963
673715861853720576 1970 3406
673711475735838725 285 1002
673709992831262724 259 802
673708611235921920 274 1032
673707060090052608 376 1061
673705679337693185 391 1214
673700254269775872 540 1372
673697980713705472 1878 3806
673689733134946305 616 1669
673688752737402881 473 1212
673686845050527744 413 1378
673680198160809984 440 1315
673662677122719744 349 1202
673656262056419329 225 692
673636718965334016 344 1057
673612854080196609 686 1534
673583129559498752 341 1146
673580926094458881 263 800
673576835670777856 540 1334
673363615379013632 290 986
673359818736984064 642 1390
673355879178194945 549 1443
673352124999274496 515 1596
673350198937153538 199 722
673345638550134785 1202 2412
673343217010679808 258 928
673342308415348736 546 1215
673320132811366400 7503 12885
673317986296586240 244 845
673295268553605120 3024 7205
673270968295534593 346 1033
673240798075449344 686 1367
673213039743795200 799 2149
673148804208660480 595 1624
672997845381865473 677 1889
672995267319328768 273 910
672988786805112832 272 948
672984142909456390 517 1206
672980819271634944 960 1749
672975131468300288 860 1606
672970152493887488 340 914
672968025906282496 515 1270
672964561327235073 614 1368
672902681409806336 468 1312
672898206762672129 403 867
672884426393653248 804 1482
672877615439593473 334 994
672834301050937345 537 1258
672828477930868736 464 1203
672640509974827008 300 942
672622327801233409 464 1240
672614745925664768 553 1177
672609152938721280 372 1066
672604026190569472 382 1062
672594978741354496 586 1280
672591762242805761 322 914
672591271085670400 177 694
672538107540070400 345 991
672523490734551040 160 605
672488522314567680 411 1066
672482722825261057 568 1080
672481316919734272 123 690
672475084225949696 667 1389
672466075045466113 508 1299
672272411274932228 3199 6175
672267570918129665 588 1425
672264251789176834 321 1088
672256522047614977 1463 2703
672254177670729728 705 1378
672248013293752320 570 1666
672245253877968896 147 656
672239279297454080 305 861
672231046314901505 958 1747
672222792075620352 203 756
672205392827572224 1096 2164
672169685991993344 352 979
672160042234327040 339 839
672139350159835138 657 1666
672125275208069120 1084 2288
672095186491711488 353 958
672082170312290304 346 905
672068090318987265 487 1241
671896809300709376 3975 8145
671891728106971137 543 1260
671882082306625538 1319 3308
671879137494245376 634 1350
671874878652489728 523 1200
671866342182637568 470 1076
671855973984772097 416 864
671789708968640512 3293 6757
671768281401958400 472 1150
671763349865160704 856 1602
671744970634719232 720 1297
671743150407421952 226 722
671735591348891648 718 1385
671729906628341761 4132 8124
671561002136281088 6875 12216
671550332464455680 200 868
671547767500775424 562 1293
671544874165002241 998 1874
671542985629241344 536 1045
671538301157904385 369 893
671536543010570240 386 1115
671533943490011136 548 979
671528761649688577 246 806
671520732782923777 502 1338
671518598289059840 283 911
671511350426865664 671 1526
671504605491109889 3374 6683
671497587707535361 424 884
671488513339211776 453 957
671486386088865792 184 556
671485057807351808 223 729
671390180817915904 708 1379
671362598324076544 286 1059
671357843010908160 146 384
671355857343524864 113 465
671347597085433856 407 919
671186162933985280 198 700
671182547775299584 320 1074
671166507850801152 328 837
671163268581498880 1037 1570
671159727754231808 76 352
671154572044468225 206 682
671151324042559489 143 639
671147085991960577 202 640
671141549288370177 621 1102
671138694582165504 376 882
671134062904504320 181 714
671122204919246848 2377 3333
671115716440031232 738 1304
671109016219725825 413 1097
670995969505435648 280 1062
670842764863651840 8250 23584
670840546554966016 183 561
670838202509447168 656 1061
670833812859932673 115 422
670832455012716544 206 699
670826280409919488 3857 5277
670823764196741120 176 741
670822709593571328 91 581
670815497391357952 1460 3038
670811965569282048 256 1077
670807719151067136 464 1116
670804601705242624 910 1871
670803562457407488 84 329
670797304698376195 223 707
670792680469889025 260 788
670789397210615808 224 632
670786190031921152 192 573
670783437142401025 365 790
670782429121134593 730 1486
670780561024270336 274 760
670778058496974848 70 319
670764103623966721 400 1038
670755717859713024 101 424
670733412878163972 488 916
670727704916926465 338 798
670717338665226240 458 1141
670704688707301377 353 737
670691627984359425 231 564
670679630144274432 269 718
670676092097810432 39 237
670668383499735048 4756 10198
670474236058800128 703 1446
670468609693655041 82 341
670465786746662913 515 931
670452855871037440 194 528
670449342516494336 618 1153
670444955656130560 1881 6427
670442337873600512 189 621
670435821946826752 487 1011
670434127938719744 614 1345
670433248821026816 106 316
670428280563085312 585 1322
670427002554466305 150 498
670421925039075328 601 1248
670420569653809152 299 593
670417414769758208 305 546
670411370698022913 845 1930
670408998013820928 208 531
670403879788544000 144 408
670385711116361728 192 541
670374371102445568 253 717
670361874861563904 61 316
670338931251150849 101 407
670319130621435904 1155 3720
670303360680108032 124 416
670290420111441920 269 666
670093938074779648 316 987
670086499208155136 241 669
670079681849372674 1158 2121
670073503555706880 747 1490
670069087419133954 225 597
670061506722140161 315 730
670055038660800512 309 637
670046952931721218 162 619
670040295598354432 105 720
670037189829525505 258 569
670003130994700288 85 317
669993076832759809 79 311
669972011175813120 148 424
669970042633789440 54 289
669942763794931712 150 483
669926384437997569 92 361
669923323644657664 53 225
669753178989142016 375 772
669749430875258880 63 253
669684865554620416 86 493
669683899023405056 102 370
669682095984410625 128 340
669680153564442624 268 641
669661792646373376 410 775
669625907762618368 1710 3360
669603084620980224 343 913
669597912108789760 142 491
669583744538451968 874 1427
669573570759163904 132 419
669571471778410496 964 1522
669567591774625800 53 226
669564461267722241 117 373
669393256313184256 70 344
669375718304980992 690 1269
669371483794317312 169 475
669367896104181761 143 440
669363888236994561 216 596
669359674819481600 113 354
669354382627049472 1217 2571
669353438988365824 246 601
669351434509529089 170 413
669328503091937280 397 974
669327207240699904 114 550
669324657376567296 197 476
669216679721873412 386 1145
669214165781868544 151 420
669203728096960512 444 958
669037058363662336 297 627
669015743032369152 353 712
669006782128353280 233 553
669000397445533696 6042 19979
668994913074286592 212 423
668992363537309700 321 716
668989615043424256 313 642
668988183816871936 438 865
668986018524233728 156 528
668981893510119424 286 516
668979806671884288 330 765
668975677807423489 552 1245
668967877119254528 21 139
668960084974809088 230 674
668955713004314625 67 264
668932921458302977 55 250
668902994700836864 95 303
668892474547511297 141 384
668872652652679168 287 505
668852170888998912 152 432
668826086256599040 127 418
668815180734689280 249 537
668779399630725120 350 676
668655139528511488 207 498
668645506898350081 503 836
668643542311546881 502 836
668641109086707712 514 1021
668636665813057536 467 995
668633411083464705 1521 2668
668631377374486528 302 678
668627278264475648 108 300
668625577880875008 121 365
668623201287675904 713 1360
668620235289837568 38 190
668614819948453888 302 588
668587383441514497 1017 1588
668567822092664832 49 231
668544745690562560 215 489
668542336805281792 200 433
668537837512433665 67 244
668528771708952576 211 442
668507509523615744 98 311
668496999348633600 124 391
668484198282485761 220 411
668480044826800133 139 436
668466899341221888 484 852
668297328638447616 281 600
668291999406125056 29 231
668286279830867968 129 481
668274247790391296 222 782
668268907921326080 222 531
668256321989451776 569 1232
668248472370458624 453 922
668237644992782336 2685 5898
668226093875376128 96 284
668221241640230912 186 494
668204964695683073 184 533
668190681446379520 190 616
668171859951755264 183 464
668154635664932864 294 474
668142349051129856 265 550
668113020489474048 223 640
667937095915278337 754 1193
667924896115245057 108 281
667915453470232577 53 199
667911425562669056 282 470
667902449697558528 359 820
667886921285246976 1017 1781
667885044254572545 448 779
667878741721415682 112 375
667873844930215936 384 598
667866724293877760 978 2884
667861340749471744 74 231
667832474953625600 59 283
667806454573760512 464 1008
667801013445750784 92 314
667793409583771648 311 669
667782464991965184 233 395
667773195014021121 52 223
667766675769573376 204 418
667728196545200128 143 363
667724302356258817 306 459
667550904950915073 32 0
667550882905632768 32 0
667549055577362432 2125 5498
667546741521195010 116 325
667544320556335104 496 816
667538891197542400 61 196
667534815156183040 495 780
667530908589760512 224 447
667524857454854144 1056 1615
667517642048163840 181 350
667509364010450944 2008 6466
667502640335572993 211 513
667495797102141441 252 499
667491009379606528 211 501
667470559035432960 90 244
667455448082227200 56 183
667453023279554560 84 297
667443425659232256 543 746
667437278097252352 223 428
667435689202614272 79 295
667405339315146752 211 446
667393430834667520 52 184
667369227918143488 153 350
667211855547486208 224 463
667200525029539841 245 581
667192066997374976 92 364
667188689915760640 376 710
667182792070062081 5805 13577
667177989038297088 51 183
667176164155375616 431 580
667174963120574464 73 233
667171260800061440 77 210
667165590075940865 1057 2546
667160273090932737 59 242
667152164079423490 15921 45284
667138269671505920 2052 4344
667119796878725120 122 317
667090893657276420 117 316
667073648344346624 112 379
667070482143944705 14 79
667065535570550784 42 159
667062181243039745 49 208
667044094246576128 46 174
667012601033924608 211 422
666996132027977728 84 230
666983947667116034 916 2415
666837028449972224 517 764
666835007768551424 75 200
666826780179869698 87 241
666817836334096384 236 483
666804364988780544 85 219
666786068205871104 455 712
666781792255496192 177 363
666776908487630848 161 328
666739327293083650 61 222
666701168228331520 203 406
666691418707132416 45 174
666649482315059201 578 1057
666644823164719104 76 220
666454714377183233 199 486
666447344410484738 18 97
666437273139982337 42 114
666435652385423360 47 158
666430724426358785 177 294
666428276349472768 76 154
666421158376562688 105 294
666418789513326592 42 113
666411507551481857 296 409
666407126856765440 32 99
666396247373291520 75 156
666373753744588802 83 172
666362758909284353 516 721
666353288456101888 64 197
666345417576210432 128 274
666337882303524864 83 180
666293911632134144 317 465
666287406224695296 60 135
666273097616637952 70 160
666268910803644416 32 96
666104133288665088 5943 13558
666102155909144576 11 70
666099513787052032 58 142
666094000022159362 66 154
666082916733198337 41 103
666073100786774016 145 296
666071193221509120 52 135
666063827256086533 195 448
666058600524156928 53 105
666057090499244032 124 268
666055525042405380 219 407
666051853826850816 771 1120
666050758794694657 51 124
666049248165822465 40 96
666044226329800704 130 270
666033412701032449 41 112
666029285002620928 42 120
666020888022790149 460 2395
